0 1 4 5 16 17 20 21 64 65 68 69 80 81 84 85 256 257 260 261 272 273 276 277 320 321 324 325 336 337 340 341 1024 1025 1028 1029 1040 1041 1044 1045 1088 1089 1092 1093 1104 1105 1108 1109 1280 1281 1284 1285 1296 1297 1300 1301 1344 1345 1348 1349 1360 1361 1364 1365 4096 4097 4100 4101 4112 4113 4116 4117 4160 4161 4164 4165 4176 4177 4180 4181 4352 4353 4356 4357 4368 4369 4372 4373 4416 4417 4420 4421 4432 4433 4436 4437 5120 5121 5124 5125 
2 3 6 7 18 19 22 23 66 67 70 71 82 83 86 87 258 259 262 263 274 275 278 279 322 323 326 327 338 339 342 343 1026 1027 1030 1031 1042 1043 1046 1047 1090 1091 1094 1095 1106 1107 1110 1111 1282 1283 1286 1287 1298 1299 1302 1303 1346 1347 1350 1351 1362 1363 1366 1367 4098 4099 4102 4103 4114 4115 4118 4119 4162 4163 4166 4167 4178 4179 4182 4183 4354 4355 4358 4359 4370 4371 4374 4375 4418 4419 4422 4423 4434 4435 4438 4439 5122 5123 5126 5127 
8 9 12 13 24 25 28 29 72 73 76 77 88 89 92 93 264 265 268 269 280 281 284 285 328 329 332 333 344 345 348 349 1032 1033 1036 1037 1048 1049 1052 1053 1096 1097 1100 1101 1112 1113 1116 1117 1288 1289 1292 1293 1304 1305 1308 1309 1352 1353 1356 1357 1368 1369 1372 1373 4104 4105 4108 4109 4120 4121 4124 4125 4168 4169 4172 4173 4184 4185 4188 4189 4360 4361 4364 4365 4376 4377 4380 4381 4424 4425 4428 4429 4440 4441 4444 4445 5128 5129 5132 5133 
10 11 14 15 26 27 30 31 74 75 78 79 90 91 94 95 266 267 270 271 282 283 286 287 330 331 334 335 346 347 350 351 1034 1035 1038 1039 1050 1051 1054 1055 1098 1099 1102 1103 1114 1115 1118 1119 1290 1291 1294 1295 1306 1307 1310 1311 1354 1355 1358 1359 1370 1371 1374 1375 4106 4107 4110 4111 4122 4123 4126 4127 4170 4171 4174 4175 4186 4187 4190 4191 4362 4363 4366 4367 4378 4379 4382 4383 4426 4427 4430 4431 4442 4443 4446 4447 5130 5131 5134 5135 
32 33 36 37 48 49 52 53 96 97 100 101 112 113 116 117 288 289 292 293 304 305 308 309 352 353 356 357 368 369 372 373 1056 1057 1060 1061 1072 1073 1076 1077 1120 1121 1124 1125 1136 1137 1140 1141 1312 1313 1316 1317 1328 1329 1332 1333 1376 1377 1380 1381 1392 1393 1396 1397 4128 4129 4132 4133 4144 4145 4148 4149 4192 4193 4196 4197 4208 4209 4212 4213 4384 4385 4388 4389 4400 4401 4404 4405 4448 4449 4452 4453 4464 4465 4468 4469 5152 5153 5156 5157 
34 35 38 39 50 51 54 55 98 99 102 103 114 115 118 119 290 291 294 295 306 307 310 311 354 355 358 359 370 371 374 375 1058 1059 1062 1063 1074 1075 1078 1079 1122 1123 1126 1127 1138 1139 1142 1143 1314 1315 1318 1319 1330 1331 1334 1335 1378 1379 1382 1383 1394 1395 1398 1399 4130 4131 4134 4135 4146 4147 4150 4151 4194 4195 4198 4199 4210 4211 4214 4215 4386 4387 4390 4391 4402 4403 4406 4407 4450 4451 4454 4455 4466 4467 4470 4471 5154 5155 5158 5159 
40 41 44 45 56 57 60 61 104 105 108 109 120 121 124 125 296 297 300 301 312 313 316 317 360 361 364 365 376 377 380 381 1064 1065 1068 1069 1080 1081 1084 1085 1128 1129 1132 1133 1144 1145 1148 1149 1320 1321 1324 1325 1336 1337 1340 1341 1384 1385 1388 1389 1400 1401 1404 1405 4136 4137 4140 4141 4152 4153 4156 4157 4200 4201 4204 4205 4216 4217 4220 4221 4392 4393 4396 4397 4408 4409 4412 4413 4456 4457 4460 4461 4472 4473 4476 4477 5160 5161 5164 5165 
42 43 46 47 58 59 62 63 106 107 110 111 122 123 126 127 298 299 302 303 314 315 318 319 362 363 366 367 378 379 382 383 1066 1067 1070 1071 1082 1083 1086 1087 1130 1131 1134 1135 1146 1147 1150 1151 1322 1323 1326 1327 1338 1339 1342 1343 1386 1387 1390 1391 1402 1403 1406 1407 4138 4139 4142 4143 4154 4155 4158 4159 4202 4203 4206 4207 4218 4219 4222 4223 4394 4395 4398 4399 4410 4411 4414 4415 4458 4459 4462 4463 4474 4475 4478 4479 5162 5163 5166 5167 
128 129 132 133 144 145 148 149 192 193 196 197 208 209 212 213 384 385 388 389 400 401 404 405 448 449 452 453 464 465 468 469 1152 1153 1156 1157 1168 1169 1172 1173 1216 1217 1220 1221 1232 1233 1236 1237 1408 1409 1412 1413 1424 1425 1428 1429 1472 1473 1476 1477 1488 1489 1492 1493 4224 4225 4228 4229 4240 4241 4244 4245 4288 4289 4292 4293 4304 4305 4308 4309 4480 4481 4484 4485 4496 4497 4500 4501 4544 4545 4548 4549 4560 4561 4564 4565 5248 5249 5252 5253 
130 131 134 135 146 147 150 151 194 195 198 199 210 211 214 215 386 387 390 391 402 403 406 407 450 451 454 455 466 467 470 471 1154 1155 1158 1159 1170 1171 1174 1175 1218 1219 1222 1223 1234 1235 1238 1239 1410 1411 1414 1415 1426 1427 1430 1431 1474 1475 1478 1479 1490 1491 1494 1495 4226 4227 4230 4231 4242 4243 4246 4247 4290 4291 4294 4295 4306 4307 4310 4311 4482 4483 4486 4487 4498 4499 4502 4503 4546 4547 4550 4551 4562 4563 4566 4567 5250 5251 5254 5255 
136 137 140 141 152 153 156 157 200 201 204 205 216 217 220 221 392 393 396 397 408 409 412 413 456 457 460 461 472 473 476 477 1160 1161 1164 1165 1176 1177 1180 1181 1224 1225 1228 1229 1240 1241 1244 1245 1416 1417 1420 1421 1432 1433 1436 1437 1480 1481 1484 1485 1496 1497 1500 1501 4232 4233 4236 4237 4248 4249 4252 4253 4296 4297 4300 4301 4312 4313 4316 4317 4488 4489 4492 4493 4504 4505 4508 4509 4552 4553 4556 4557 4568 4569 4572 4573 5256 5257 5260 5261 
138 139 142 143 154 155 158 159 202 203 206 207 218 219 222 223 394 395 398 399 410 411 414 415 458 459 462 463 474 475 478 479 1162 1163 1166 1167 1178 1179 1182 1183 1226 1227 1230 1231 1242 1243 1246 1247 1418 1419 1422 1423 1434 1435 1438 1439 1482 1483 1486 1487 1498 1499 1502 1503 4234 4235 4238 4239 4250 4251 4254 4255 4298 4299 4302 4303 4314 4315 4318 4319 4490 4491 4494 4495 4506 4507 4510 4511 4554 4555 4558 4559 4570 4571 4574 4575 5258 5259 5262 5263 
160 161 164 165 176 177 180 181 224 225 228 229 240 241 244 245 416 417 420 421 432 433 436 437 480 481 484 485 496 497 500 501 1184 1185 1188 1189 1200 1201 1204 1205 1248 1249 1252 1253 1264 1265 1268 1269 1440 1441 1444 1445 1456 1457 1460 1461 1504 1505 1508 1509 1520 1521 1524 1525 4256 4257 4260 4261 4272 4273 4276 4277 4320 4321 4324 4325 4336 4337 4340 4341 4512 4513 4516 4517 4528 4529 4532 4533 4576 4577 4580 4581 4592 4593 4596 4597 5280 5281 5284 5285 
162 163 166 167 178 179 182 183 226 227 230 231 242 243 246 247 418 419 422 423 434 435 438 439 482 483 486 487 498 499 502 503 1186 1187 1190 1191 1202 1203 1206 1207 1250 1251 1254 1255 1266 1267 1270 1271 1442 1443 1446 1447 1458 1459 1462 1463 1506 1507 1510 1511 1522 1523 1526 1527 4258 4259 4262 4263 4274 4275 4278 4279 4322 4323 4326 4327 4338 4339 4342 4343 4514 4515 4518 4519 4530 4531 4534 4535 4578 4579 4582 4583 4594 4595 4598 4599 5282 5283 5286 5287 
168 169 172 173 184 185 188 189 232 233 236 237 248 249 252 253 424 425 428 429 440 441 444 445 488 489 492 493 504 505 508 509 1192 1193 1196 1197 1208 1209 1212 1213 1256 1257 1260 1261 1272 1273 1276 1277 1448 1449 1452 1453 1464 1465 1468 1469 1512 1513 1516 1517 1528 1529 1532 1533 4264 4265 4268 4269 4280 4281 4284 4285 4328 4329 4332 4333 4344 4345 4348 4349 4520 4521 4524 4525 4536 4537 4540 4541 4584 4585 4588 4589 4600 4601 4604 4605 5288 5289 5292 5293 
170 171 174 175 186 187 190 191 234 235 238 239 250 251 254 255 426 427 430 431 442 443 446 447 490 491 494 495 506 507 510 511 1194 1195 1198 1199 1210 1211 1214 1215 1258 1259 1262 1263 1274 1275 1278 1279 1450 1451 1454 1455 1466 1467 1470 1471 1514 1515 1518 1519 1530 1531 1534 1535 4266 4267 4270 4271 4282 4283 4286 4287 4330 4331 4334 4335 4346 4347 4350 4351 4522 4523 4526 4527 4538 4539 4542 4543 4586 4587 4590 4591 4602 4603 4606 4607 5290 5291 5294 5295 
512 513 516 517 528 529 532 533 576 577 580 581 592 593 596 597 768 769 772 773 784 785 788 789 832 833 836 837 848 849 852 853 1536 1537 1540 1541 1552 1553 1556 1557 1600 1601 1604 1605 1616 1617 1620 1621 1792 1793 1796 1797 1808 1809 1812 1813 1856 1857 1860 1861 1872 1873 1876 1877 4608 4609 4612 4613 4624 4625 4628 4629 4672 4673 4676 4677 4688 4689 4692 4693 4864 4865 4868 4869 4880 4881 4884 4885 4928 4929 4932 4933 4944 4945 4948 4949 5632 5633 5636 5637 
514 515 518 519 530 531 534 535 578 579 582 583 594 595 598 599 770 771 774 775 786 787 790 791 834 835 838 839 850 851 854 855 1538 1539 1542 1543 1554 1555 1558 1559 1602 1603 1606 1607 1618 1619 1622 1623 1794 1795 1798 1799 1810 1811 1814 1815 1858 1859 1862 1863 1874 1875 1878 1879 4610 4611 4614 4615 4626 4627 4630 4631 4674 4675 4678 4679 4690 4691 4694 4695 4866 4867 4870 4871 4882 4883 4886 4887 4930 4931 4934 4935 4946 4947 4950 4951 5634 5635 5638 5639 
520 521 524 525 536 537 540 541 584 585 588 589 600 601 604 605 776 777 780 781 792 793 796 797 840 841 844 845 856 857 860 861 1544 1545 1548 1549 1560 1561 1564 1565 1608 1609 1612 1613 1624 1625 1628 1629 1800 1801 1804 1805 1816 1817 1820 1821 1864 1865 1868 1869 1880 1881 1884 1885 4616 4617 4620 4621 4632 4633 4636 4637 4680 4681 4684 4685 4696 4697 4700 4701 4872 4873 4876 4877 4888 4889 4892 4893 4936 4937 4940 4941 4952 4953 4956 4957 5640 5641 5644 5645 
522 523 526 527 538 539 542 543 586 587 590 591 602 603 606 607 778 779 782 783 794 795 798 799 842 843 846 847 858 859 862 863 1546 1547 1550 1551 1562 1563 1566 1567 1610 1611 1614 1615 1626 1627 1630 1631 1802 1803 1806 1807 1818 1819 1822 1823 1866 1867 1870 1871 1882 1883 1886 1887 4618 4619 4622 4623 4634 4635 4638 4639 4682 4683 4686 4687 4698 4699 4702 4703 4874 4875 4878 4879 4890 4891 4894 4895 4938 4939 4942 4943 4954 4955 4958 4959 5642 5643 5646 5647 
544 545 548 549 560 561 564 565 608 609 612 613 624 625 628 629 800 801 804 805 816 817 820 821 864 865 868 869 880 881 884 885 1568 1569 1572 1573 1584 1585 1588 1589 1632 1633 1636 1637 1648 1649 1652 1653 1824 1825 1828 1829 1840 1841 1844 1845 1888 1889 1892 1893 1904 1905 1908 1909 4640 4641 4644 4645 4656 4657 4660 4661 4704 4705 4708 4709 4720 4721 4724 4725 4896 4897 4900 4901 4912 4913 4916 4917 4960 4961 4964 4965 4976 4977 4980 4981 5664 5665 5668 5669 
546 547 550 551 562 563 566 567 610 611 614 615 626 627 630 631 802 803 806 807 818 819 822 823 866 867 870 871 882 883 886 887 1570 1571 1574 1575 1586 1587 1590 1591 1634 1635 1638 1639 1650 1651 1654 1655 1826 1827 1830 1831 1842 1843 1846 1847 1890 1891 1894 1895 1906 1907 1910 1911 4642 4643 4646 4647 4658 4659 4662 4663 4706 4707 4710 4711 4722 4723 4726 4727 4898 4899 4902 4903 4914 4915 4918 4919 4962 4963 4966 4967 4978 4979 4982 4983 5666 5667 5670 5671 
552 553 556 557 568 569 572 573 616 617 620 621 632 633 636 637 808 809 812 813 824 825 828 829 872 873 876 877 888 889 892 893 1576 1577 1580 1581 1592 1593 1596 1597 1640 1641 1644 1645 1656 1657 1660 1661 1832 1833 1836 1837 1848 1849 1852 1853 1896 1897 1900 1901 1912 1913 1916 1917 4648 4649 4652 4653 4664 4665 4668 4669 4712 4713 4716 4717 4728 4729 4732 4733 4904 4905 4908 4909 4920 4921 4924 4925 4968 4969 4972 4973 4984 4985 4988 4989 5672 5673 5676 5677 
554 555 558 559 570 571 574 575 618 619 622 623 634 635 638 639 810 811 814 815 826 827 830 831 874 875 878 879 890 891 894 895 1578 1579 1582 1583 1594 1595 1598 1599 1642 1643 1646 1647 1658 1659 1662 1663 1834 1835 1838 1839 1850 1851 1854 1855 1898 1899 1902 1903 1914 1915 1918 1919 4650 4651 4654 4655 4666 4667 4670 4671 4714 4715 4718 4719 4730 4731 4734 4735 4906 4907 4910 4911 4922 4923 4926 4927 4970 4971 4974 4975 4986 4987 4990 4991 5674 5675 5678 5679 
640 641 644 645 656 657 660 661 704 705 708 709 720 721 724 725 896 897 900 901 912 913 916 917 960 961 964 965 976 977 980 981 1664 1665 1668 1669 1680 1681 1684 1685 1728 1729 1732 1733 1744 1745 1748 1749 1920 1921 1924 1925 1936 1937 1940 1941 1984 1985 1988 1989 2000 2001 2004 2005 4736 4737 4740 4741 4752 4753 4756 4757 4800 4801 4804 4805 4816 4817 4820 4821 4992 4993 4996 4997 5008 5009 5012 5013 5056 5057 5060 5061 5072 5073 5076 5077 5760 5761 5764 5765 
642 643 646 647 658 659 662 663 706 707 710 711 722 723 726 727 898 899 902 903 914 915 918 919 962 963 966 967 978 979 982 983 1666 1667 1670 1671 1682 1683 1686 1687 1730 1731 1734 1735 1746 1747 1750 1751 1922 1923 1926 1927 1938 1939 1942 1943 1986 1987 1990 1991 2002 2003 2006 2007 4738 4739 4742 4743 4754 4755 4758 4759 4802 4803 4806 4807 4818 4819 4822 4823 4994 4995 4998 4999 5010 5011 5014 5015 5058 5059 5062 5063 5074 5075 5078 5079 5762 5763 5766 5767 
648 649 652 653 664 665 668 669 712 713 716 717 728 729 732 733 904 905 908 909 920 921 924 925 968 969 972 973 984 985 988 989 1672 1673 1676 1677 1688 1689 1692 1693 1736 1737 1740 1741 1752 1753 1756 1757 1928 1929 1932 1933 1944 1945 1948 1949 1992 1993 1996 1997 2008 2009 2012 2013 4744 4745 4748 4749 4760 4761 4764 4765 4808 4809 4812 4813 4824 4825 4828 4829 5000 5001 5004 5005 5016 5017 5020 5021 5064 5065 5068 5069 5080 5081 5084 5085 5768 5769 5772 5773 
650 651 654 655 666 667 670 671 714 715 718 719 730 731 734 735 906 907 910 911 922 923 926 927 970 971 974 975 986 987 990 991 1674 1675 1678 1679 1690 1691 1694 1695 1738 1739 1742 1743 1754 1755 1758 1759 1930 1931 1934 1935 1946 1947 1950 1951 1994 1995 1998 1999 2010 2011 2014 2015 4746 4747 4750 4751 4762 4763 4766 4767 4810 4811 4814 4815 4826 4827 4830 4831 5002 5003 5006 5007 5018 5019 5022 5023 5066 5067 5070 5071 5082 5083 5086 5087 5770 5771 5774 5775 
672 673 676 677 688 689 692 693 736 737 740 741 752 753 756 757 928 929 932 933 944 945 948 949 992 993 996 997 1008 1009 1012 1013 1696 1697 1700 1701 1712 1713 1716 1717 1760 1761 1764 1765 1776 1777 1780 1781 1952 1953 1956 1957 1968 1969 1972 1973 2016 2017 2020 2021 2032 2033 2036 2037 4768 4769 4772 4773 4784 4785 4788 4789 4832 4833 4836 4837 4848 4849 4852 4853 5024 5025 5028 5029 5040 5041 5044 5045 5088 5089 5092 5093 5104 5105 5108 5109 5792 5793 5796 5797 
674 675 678 679 690 691 694 695 738 739 742 743 754 755 758 759 930 931 934 935 946 947 950 951 994 995 998 999 1010 1011 1014 1015 1698 1699 1702 1703 1714 1715 1718 1719 1762 1763 1766 1767 1778 1779 1782 1783 1954 1955 1958 1959 1970 1971 1974 1975 2018 2019 2022 2023 2034 2035 2038 2039 4770 4771 4774 4775 4786 4787 4790 4791 4834 4835 4838 4839 4850 4851 4854 4855 5026 5027 5030 5031 5042 5043 5046 5047 5090 5091 5094 5095 5106 5107 5110 5111 5794 5795 5798 5799 
680 681 684 685 696 697 700 701 744 745 748 749 760 761 764 765 936 937 940 941 952 953 956 957 1000 1001 1004 1005 1016 1017 1020 1021 1704 1705 1708 1709 1720 1721 1724 1725 1768 1769 1772 1773 1784 1785 1788 1789 1960 1961 1964 1965 1976 1977 1980 1981 2024 2025 2028 2029 2040 2041 2044 2045 4776 4777 4780 4781 4792 4793 4796 4797 4840 4841 4844 4845 4856 4857 4860 4861 5032 5033 5036 5037 5048 5049 5052 5053 5096 5097 5100 5101 5112 5113 5116 5117 5800 5801 5804 5805 
682 683 686 687 698 699 702 703 746 747 750 751 762 763 766 767 938 939 942 943 954 955 958 959 1002 1003 1006 1007 1018 1019 1022 1023 1706 1707 1710 1711 1722 1723 1726 1727 1770 1771 1774 1775 1786 1787 1790 1791 1962 1963 1966 1967 1978 1979 1982 1983 2026 2027 2030 2031 2042 2043 2046 2047 4778 4779 4782 4783 4794 4795 4798 4799 4842 4843 4846 4847 4858 4859 4862 4863 5034 5035 5038 5039 5050 5051 5054 5055 5098 5099 5102 5103 5114 5115 5118 5119 5802 5803 5806 5807 
2048 2049 2052 2053 2064 2065 2068 2069 2112 2113 2116 2117 2128 2129 2132 2133 2304 2305 2308 2309 2320 2321 2324 2325 2368 2369 2372 2373 2384 2385 2388 2389 3072 3073 3076 3077 3088 3089 3092 3093 3136 3137 3140 3141 3152 3153 3156 3157 3328 3329 3332 3333 3344 3345 3348 3349 3392 3393 3396 3397 3408 3409 3412 3413 6144 6145 6148 6149 6160 6161 6164 6165 6208 6209 6212 6213 6224 6225 6228 6229 6400 6401 6404 6405 6416 6417 6420 6421 6464 6465 6468 6469 6480 6481 6484 6485 7168 7169 7172 7173 
2050 2051 2054 2055 2066 2067 2070 2071 2114 2115 2118 2119 2130 2131 2134 2135 2306 2307 2310 2311 2322 2323 2326 2327 2370 2371 2374 2375 2386 2387 2390 2391 3074 3075 3078 3079 3090 3091 3094 3095 3138 3139 3142 3143 3154 3155 3158 3159 3330 3331 3334 3335 3346 3347 3350 3351 3394 3395 3398 3399 3410 3411 3414 3415 6146 6147 6150 6151 6162 6163 6166 6167 6210 6211 6214 6215 6226 6227 6230 6231 6402 6403 6406 6407 6418 6419 6422 6423 6466 6467 6470 6471 6482 6483 6486 6487 7170 7171 7174 7175 
2056 2057 2060 2061 2072 2073 2076 2077 2120 2121 2124 2125 2136 2137 2140 2141 2312 2313 2316 2317 2328 2329 2332 2333 2376 2377 2380 2381 2392 2393 2396 2397 3080 3081 3084 3085 3096 3097 3100 3101 3144 3145 3148 3149 3160 3161 3164 3165 3336 3337 3340 3341 3352 3353 3356 3357 3400 3401 3404 3405 3416 3417 3420 3421 6152 6153 6156 6157 6168 6169 6172 6173 6216 6217 6220 6221 6232 6233 6236 6237 6408 6409 6412 6413 6424 6425 6428 6429 6472 6473 6476 6477 6488 6489 6492 6493 7176 7177 7180 7181 
2058 2059 2062 2063 2074 2075 2078 2079 2122 2123 2126 2127 2138 2139 2142 2143 2314 2315 2318 2319 2330 2331 2334 2335 2378 2379 2382 2383 2394 2395 2398 2399 3082 3083 3086 3087 3098 3099 3102 3103 3146 3147 3150 3151 3162 3163 3166 3167 3338 3339 3342 3343 3354 3355 3358 3359 3402 3403 3406 3407 3418 3419 3422 3423 6154 6155 6158 6159 6170 6171 6174 6175 6218 6219 6222 6223 6234 6235 6238 6239 6410 6411 6414 6415 6426 6427 6430 6431 6474 6475 6478 6479 6490 6491 6494 6495 7178 7179 7182 7183 
2080 2081 2084 2085 2096 2097 2100 2101 2144 2145 2148 2149 2160 2161 2164 2165 2336 2337 2340 2341 2352 2353 2356 2357 2400 2401 2404 2405 2416 2417 2420 2421 3104 3105 3108 3109 3120 3121 3124 3125 3168 3169 3172 3173 3184 3185 3188 3189 3360 3361 3364 3365 3376 3377 3380 3381 3424 3425 3428 3429 3440 3441 3444 3445 6176 6177 6180 6181 6192 6193 6196 6197 6240 6241 6244 6245 6256 6257 6260 6261 6432 6433 6436 6437 6448 6449 6452 6453 6496 6497 6500 6501 6512 6513 6516 6517 7200 7201 7204 7205 
2082 2083 2086 2087 2098 2099 2102 2103 2146 2147 2150 2151 2162 2163 2166 2167 2338 2339 2342 2343 2354 2355 2358 2359 2402 2403 2406 2407 2418 2419 2422 2423 3106 3107 3110 3111 3122 3123 3126 3127 3170 3171 3174 3175 3186 3187 3190 3191 3362 3363 3366 3367 3378 3379 3382 3383 3426 3427 3430 3431 3442 3443 3446 3447 6178 6179 6182 6183 6194 6195 6198 6199 6242 6243 6246 6247 6258 6259 6262 6263 6434 6435 6438 6439 6450 6451 6454 6455 6498 6499 6502 6503 6514 6515 6518 6519 7202 7203 7206 7207 
2088 2089 2092 2093 2104 2105 2108 2109 2152 2153 2156 2157 2168 2169 2172 2173 2344 2345 2348 2349 2360 2361 2364 2365 2408 2409 2412 2413 2424 2425 2428 2429 3112 3113 3116 3117 3128 3129 3132 3133 3176 3177 3180 3181 3192 3193 3196 3197 3368 3369 3372 3373 3384 3385 3388 3389 3432 3433 3436 3437 3448 3449 3452 3453 6184 6185 6188 6189 6200 6201 6204 6205 6248 6249 6252 6253 6264 6265 6268 6269 6440 6441 6444 6445 6456 6457 6460 6461 6504 6505 6508 6509 6520 6521 6524 6525 7208 7209 7212 7213 
2090 2091 2094 2095 2106 2107 2110 2111 2154 2155 2158 2159 2170 2171 2174 2175 2346 2347 2350 2351 2362 2363 2366 2367 2410 2411 2414 2415 2426 2427 2430 2431 3114 3115 3118 3119 3130 3131 3134 3135 3178 3179 3182 3183 3194 3195 3198 3199 3370 3371 3374 3375 3386 3387 3390 3391 3434 3435 3438 3439 3450 3451 3454 3455 6186 6187 6190 6191 6202 6203 6206 6207 6250 6251 6254 6255 6266 6267 6270 6271 6442 6443 6446 6447 6458 6459 6462 6463 6506 6507 6510 6511 6522 6523 6526 6527 7210 7211 7214 7215 
2176 2177 2180 2181 2192 2193 2196 2197 2240 2241 2244 2245 2256 2257 2260 2261 2432 2433 2436 2437 2448 2449 2452 2453 2496 2497 2500 2501 2512 2513 2516 2517 3200 3201 3204 3205 3216 3217 3220 3221 3264 3265 3268 3269 3280 3281 3284 3285 3456 3457 3460 3461 3472 3473 3476 3477 3520 3521 3524 3525 3536 3537 3540 3541 6272 6273 6276 6277 6288 6289 6292 6293 6336 6337 6340 6341 6352 6353 6356 6357 6528 6529 6532 6533 6544 6545 6548 6549 6592 6593 6596 6597 6608 6609 6612 6613 7296 7297 7300 7301 
2178 2179 2182 2183 2194 2195 2198 2199 2242 2243 2246 2247 2258 2259 2262 2263 2434 2435 2438 2439 2450 2451 2454 2455 2498 2499 2502 2503 2514 2515 2518 2519 3202 3203 3206 3207 3218 3219 3222 3223 3266 3267 3270 3271 3282 3283 3286 3287 3458 3459 3462 3463 3474 3475 3478 3479 3522 3523 3526 3527 3538 3539 3542 3543 6274 6275 6278 6279 6290 6291 6294 6295 6338 6339 6342 6343 6354 6355 6358 6359 6530 6531 6534 6535 6546 6547 6550 6551 6594 6595 6598 6599 6610 6611 6614 6615 7298 7299 7302 7303 
2184 2185 2188 2189 2200 2201 2204 2205 2248 2249 2252 2253 2264 2265 2268 2269 2440 2441 2444 2445 2456 2457 2460 2461 2504 2505 2508 2509 2520 2521 2524 2525 3208 3209 3212 3213 3224 3225 3228 3229 3272 3273 3276 3277 3288 3289 3292 3293 3464 3465 3468 3469 3480 3481 3484 3485 3528 3529 3532 3533 3544 3545 3548 3549 6280 6281 6284 6285 6296 6297 6300 6301 6344 6345 6348 6349 6360 6361 6364 6365 6536 6537 6540 6541 6552 6553 6556 6557 6600 6601 6604 6605 6616 6617 6620 6621 7304 7305 7308 7309 
2186 2187 2190 2191 2202 2203 2206 2207 2250 2251 2254 2255 2266 2267 2270 2271 2442 2443 2446 2447 2458 2459 2462 2463 2506 2507 2510 2511 2522 2523 2526 2527 3210 3211 3214 3215 3226 3227 3230 3231 3274 3275 3278 3279 3290 3291 3294 3295 3466 3467 3470 3471 3482 3483 3486 3487 3530 3531 3534 3535 3546 3547 3550 3551 6282 6283 6286 6287 6298 6299 6302 6303 6346 6347 6350 6351 6362 6363 6366 6367 6538 6539 6542 6543 6554 6555 6558 6559 6602 6603 6606 6607 6618 6619 6622 6623 7306 7307 7310 7311 
2208 2209 2212 2213 2224 2225 2228 2229 2272 2273 2276 2277 2288 2289 2292 2293 2464 2465 2468 2469 2480 2481 2484 2485 2528 2529 2532 2533 2544 2545 2548 2549 3232 3233 3236 3237 3248 3249 3252 3253 3296 3297 3300 3301 3312 3313 3316 3317 3488 3489 3492 3493 3504 3505 3508 3509 3552 3553 3556 3557 3568 3569 3572 3573 6304 6305 6308 6309 6320 6321 6324 6325 6368 6369 6372 6373 6384 6385 6388 6389 6560 6561 6564 6565 6576 6577 6580 6581 6624 6625 6628 6629 6640 6641 6644 6645 7328 7329 7332 7333 
2210 2211 2214 2215 2226 2227 2230 2231 2274 2275 2278 2279 2290 2291 2294 2295 2466 2467 2470 2471 2482 2483 2486 2487 2530 2531 2534 2535 2546 2547 2550 2551 3234 3235 3238 3239 3250 3251 3254 3255 3298 3299 3302 3303 3314 3315 3318 3319 3490 3491 3494 3495 3506 3507 3510 3511 3554 3555 3558 3559 3570 3571 3574 3575 6306 6307 6310 6311 6322 6323 6326 6327 6370 6371 6374 6375 6386 6387 6390 6391 6562 6563 6566 6567 6578 6579 6582 6583 6626 6627 6630 6631 6642 6643 6646 6647 7330 7331 7334 7335 
2216 2217 2220 2221 2232 2233 2236 2237 2280 2281 2284 2285 2296 2297 2300 2301 2472 2473 2476 2477 2488 2489 2492 2493 2536 2537 2540 2541 2552 2553 2556 2557 3240 3241 3244 3245 3256 3257 3260 3261 3304 3305 3308 3309 3320 3321 3324 3325 3496 3497 3500 3501 3512 3513 3516 3517 3560 3561 3564 3565 3576 3577 3580 3581 6312 6313 6316 6317 6328 6329 6332 6333 6376 6377 6380 6381 6392 6393 6396 6397 6568 6569 6572 6573 6584 6585 6588 6589 6632 6633 6636 6637 6648 6649 6652 6653 7336 7337 7340 7341 
2218 2219 2222 2223 2234 2235 2238 2239 2282 2283 2286 2287 2298 2299 2302 2303 2474 2475 2478 2479 2490 2491 2494 2495 2538 2539 2542 2543 2554 2555 2558 2559 3242 3243 3246 3247 3258 3259 3262 3263 3306 3307 3310 3311 3322 3323 3326 3327 3498 3499 3502 3503 3514 3515 3518 3519 3562 3563 3566 3567 3578 3579 3582 3583 6314 6315 6318 6319 6330 6331 6334 6335 6378 6379 6382 6383 6394 6395 6398 6399 6570 6571 6574 6575 6586 6587 6590 6591 6634 6635 6638 6639 6650 6651 6654 6655 7338 7339 7342 7343 
2560 2561 2564 2565 2576 2577 2580 2581 2624 2625 2628 2629 2640 2641 2644 2645 2816 2817 2820 2821 2832 2833 2836 2837 2880 2881 2884 2885 2896 2897 2900 2901 3584 3585 3588 3589 3600 3601 3604 3605 3648 3649 3652 3653 3664 3665 3668 3669 3840 3841 3844 3845 3856 3857 3860 3861 3904 3905 3908 3909 3920 3921 3924 3925 6656 6657 6660 6661 6672 6673 6676 6677 6720 6721 6724 6725 6736 6737 6740 6741 6912 6913 6916 6917 6928 6929 6932 6933 6976 6977 6980 6981 6992 6993 6996 6997 7680 7681 7684 7685 
2562 2563 2566 2567 2578 2579 2582 2583 2626 2627 2630 2631 2642 2643 2646 2647 2818 2819 2822 2823 2834 2835 2838 2839 2882 2883 2886 2887 2898 2899 2902 2903 3586 3587 3590 3591 3602 3603 3606 3607 3650 3651 3654 3655 3666 3667 3670 3671 3842 3843 3846 3847 3858 3859 3862 3863 3906 3907 3910 3911 3922 3923 3926 3927 6658 6659 6662 6663 6674 6675 6678 6679 6722 6723 6726 6727 6738 6739 6742 6743 6914 6915 6918 6919 6930 6931 6934 6935 6978 6979 6982 6983 6994 6995 6998 6999 7682 7683 7686 7687 
2568 2569 2572 2573 2584 2585 2588 2589 2632 2633 2636 2637 2648 2649 2652 2653 2824 2825 2828 2829 2840 2841 2844 2845 2888 2889 2892 2893 2904 2905 2908 2909 3592 3593 3596 3597 3608 3609 3612 3613 3656 3657 3660 3661 3672 3673 3676 3677 3848 3849 3852 3853 3864 3865 3868 3869 3912 3913 3916 3917 3928 3929 3932 3933 6664 6665 6668 6669 6680 6681 6684 6685 6728 6729 6732 6733 6744 6745 6748 6749 6920 6921 6924 6925 6936 6937 6940 6941 6984 6985 6988 6989 7000 7001 7004 7005 7688 7689 7692 7693 
2570 2571 2574 2575 2586 2587 2590 2591 2634 2635 2638 2639 2650 2651 2654 2655 2826 2827 2830 2831 2842 2843 2846 2847 2890 2891 2894 2895 2906 2907 2910 2911 3594 3595 3598 3599 3610 3611 3614 3615 3658 3659 3662 3663 3674 3675 3678 3679 3850 3851 3854 3855 3866 3867 3870 3871 3914 3915 3918 3919 3930 3931 3934 3935 6666 6667 6670 6671 6682 6683 6686 6687 6730 6731 6734 6735 6746 6747 6750 6751 6922 6923 6926 6927 6938 6939 6942 6943 6986 6987 6990 6991 7002 7003 7006 7007 7690 7691 7694 7695 
2592 2593 2596 2597 2608 2609 2612 2613 2656 2657 2660 2661 2672 2673 2676 2677 2848 2849 2852 2853 2864 2865 2868 2869 2912 2913 2916 2917 2928 2929 2932 2933 3616 3617 3620 3621 3632 3633 3636 3637 3680 3681 3684 3685 3696 3697 3700 3701 3872 3873 3876 3877 3888 3889 3892 3893 3936 3937 3940 3941 3952 3953 3956 3957 6688 6689 6692 6693 6704 6705 6708 6709 6752 6753 6756 6757 6768 6769 6772 6773 6944 6945 6948 6949 6960 6961 6964 6965 7008 7009 7012 7013 7024 7025 7028 7029 7712 7713 7716 7717 
2594 2595 2598 2599 2610 2611 2614 2615 2658 2659 2662 2663 2674 2675 2678 2679 2850 2851 2854 2855 2866 2867 2870 2871 2914 2915 2918 2919 2930 2931 2934 2935 3618 3619 3622 3623 3634 3635 3638 3639 3682 3683 3686 3687 3698 3699 3702 3703 3874 3875 3878 3879 3890 3891 3894 3895 3938 3939 3942 3943 3954 3955 3958 3959 6690 6691 6694 6695 6706 6707 6710 6711 6754 6755 6758 6759 6770 6771 6774 6775 6946 6947 6950 6951 6962 6963 6966 6967 7010 7011 7014 7015 7026 7027 7030 7031 7714 7715 7718 7719 
2600 2601 2604 2605 2616 2617 2620 2621 2664 2665 2668 2669 2680 2681 2684 2685 2856 2857 2860 2861 2872 2873 2876 2877 2920 2921 2924 2925 2936 2937 2940 2941 3624 3625 3628 3629 3640 3641 3644 3645 3688 3689 3692 3693 3704 3705 3708 3709 3880 3881 3884 3885 3896 3897 3900 3901 3944 3945 3948 3949 3960 3961 3964 3965 6696 6697 6700 6701 6712 6713 6716 6717 6760 6761 6764 6765 6776 6777 6780 6781 6952 6953 6956 6957 6968 6969 6972 6973 7016 7017 7020 7021 7032 7033 7036 7037 7720 7721 7724 7725 
2602 2603 2606 2607 2618 2619 2622 2623 2666 2667 2670 2671 2682 2683 2686 2687 2858 2859 2862 2863 2874 2875 2878 2879 2922 2923 2926 2927 2938 2939 2942 2943 3626 3627 3630 3631 3642 3643 3646 3647 3690 3691 3694 3695 3706 3707 3710 3711 3882 3883 3886 3887 3898 3899 3902 3903 3946 3947 3950 3951 3962 3963 3966 3967 6698 6699 6702 6703 6714 6715 6718 6719 6762 6763 6766 6767 6778 6779 6782 6783 6954 6955 6958 6959 6970 6971 6974 6975 7018 7019 7022 7023 7034 7035 7038 7039 7722 7723 7726 7727 
2688 2689 2692 2693 2704 2705 2708 2709 2752 2753 2756 2757 2768 2769 2772 2773 2944 2945 2948 2949 2960 2961 2964 2965 3008 3009 3012 3013 3024 3025 3028 3029 3712 3713 3716 3717 3728 3729 3732 3733 3776 3777 3780 3781 3792 3793 3796 3797 3968 3969 3972 3973 3984 3985 3988 3989 4032 4033 4036 4037 4048 4049 4052 4053 6784 6785 6788 6789 6800 6801 6804 6805 6848 6849 6852 6853 6864 6865 6868 6869 7040 7041 7044 7045 7056 7057 7060 7061 7104 7105 7108 7109 7120 7121 7124 7125 7808 7809 7812 7813 
2690 2691 2694 2695 2706 2707 2710 2711 2754 2755 2758 2759 2770 2771 2774 2775 2946 2947 2950 2951 2962 2963 2966 2967 3010 3011 3014 3015 3026 3027 3030 3031 3714 3715 3718 3719 3730 3731 3734 3735 3778 3779 3782 3783 3794 3795 3798 3799 3970 3971 3974 3975 3986 3987 3990 3991 4034 4035 4038 4039 4050 4051 4054 4055 6786 6787 6790 6791 6802 6803 6806 6807 6850 6851 6854 6855 6866 6867 6870 6871 7042 7043 7046 7047 7058 7059 7062 7063 7106 7107 7110 7111 7122 7123 7126 7127 7810 7811 7814 7815 
2696 2697 2700 2701 2712 2713 2716 2717 2760 2761 2764 2765 2776 2777 2780 2781 2952 2953 2956 2957 2968 2969 2972 2973 3016 3017 3020 3021 3032 3033 3036 3037 3720 3721 3724 3725 3736 3737 3740 3741 3784 3785 3788 3789 3800 3801 3804 3805 3976 3977 3980 3981 3992 3993 3996 3997 4040 4041 4044 4045 4056 4057 4060 4061 6792 6793 6796 6797 6808 6809 6812 6813 6856 6857 6860 6861 6872 6873 6876 6877 7048 7049 7052 7053 7064 7065 7068 7069 7112 7113 7116 7117 7128 7129 7132 7133 7816 7817 7820 7821 
2698 2699 2702 2703 2714 2715 2718 2719 2762 2763 2766 2767 2778 2779 2782 2783 2954 2955 2958 2959 2970 2971 2974 2975 3018 3019 3022 3023 3034 3035 3038 3039 3722 3723 3726 3727 3738 3739 3742 3743 3786 3787 3790 3791 3802 3803 3806 3807 3978 3979 3982 3983 3994 3995 3998 3999 4042 4043 4046 4047 4058 4059 4062 4063 6794 6795 6798 6799 6810 6811 6814 6815 6858 6859 6862 6863 6874 6875 6878 6879 7050 7051 7054 7055 7066 7067 7070 7071 7114 7115 7118 7119 7130 7131 7134 7135 7818 7819 7822 7823 
2720 2721 2724 2725 2736 2737 2740 2741 2784 2785 2788 2789 2800 2801 2804 2805 2976 2977 2980 2981 2992 2993 2996 2997 3040 3041 3044 3045 3056 3057 3060 3061 3744 3745 3748 3749 3760 3761 3764 3765 3808 3809 3812 3813 3824 3825 3828 3829 4000 4001 4004 4005 4016 4017 4020 4021 4064 4065 4068 4069 4080 4081 4084 4085 6816 6817 6820 6821 6832 6833 6836 6837 6880 6881 6884 6885 6896 6897 6900 6901 7072 7073 7076 7077 7088 7089 7092 7093 7136 7137 7140 7141 7152 7153 7156 7157 7840 7841 7844 7845 
2722 2723 2726 2727 2738 2739 2742 2743 2786 2787 2790 2791 2802 2803 2806 2807 2978 2979 2982 2983 2994 2995 2998 2999 3042 3043 3046 3047 3058 3059 3062 3063 3746 3747 3750 3751 3762 3763 3766 3767 3810 3811 3814 3815 3826 3827 3830 3831 4002 4003 4006 4007 4018 4019 4022 4023 4066 4067 4070 4071 4082 4083 4086 4087 6818 6819 6822 6823 6834 6835 6838 6839 6882 6883 6886 6887 6898 6899 6902 6903 7074 7075 7078 7079 7090 7091 7094 7095 7138 7139 7142 7143 7154 7155 7158 7159 7842 7843 7846 7847 
2728 2729 2732 2733 2744 2745 2748 2749 2792 2793 2796 2797 2808 2809 2812 2813 2984 2985 2988 2989 3000 3001 3004 3005 3048 3049 3052 3053 3064 3065 3068 3069 3752 3753 3756 3757 3768 3769 3772 3773 3816 3817 3820 3821 3832 3833 3836 3837 4008 4009 4012 4013 4024 4025 4028 4029 4072 4073 4076 4077 4088 4089 4092 4093 6824 6825 6828 6829 6840 6841 6844 6845 6888 6889 6892 6893 6904 6905 6908 6909 7080 7081 7084 7085 7096 7097 7100 7101 7144 7145 7148 7149 7160 7161 7164 7165 7848 7849 7852 7853 
2730 2731 2734 2735 2746 2747 2750 2751 2794 2795 2798 2799 2810 2811 2814 2815 2986 2987 2990 2991 3002 3003 3006 3007 3050 3051 3054 3055 3066 3067 3070 3071 3754 3755 3758 3759 3770 3771 3774 3775 3818 3819 3822 3823 3834 3835 3838 3839 4010 4011 4014 4015 4026 4027 4030 4031 4074 4075 4078 4079 4090 4091 4094 4095 6826 6827 6830 6831 6842 6843 6846 6847 6890 6891 6894 6895 6906 6907 6910 6911 7082 7083 7086 7087 7098 7099 7102 7103 7146 7147 7150 7151 7162 7163 7166 7167 7850 7851 7854 7855 
8192 8193 8196 8197 8208 8209 8212 8213 8256 8257 8260 8261 8272 8273 8276 8277 8448 8449 8452 8453 8464 8465 8468 8469 8512 8513 8516 8517 8528 8529 8532 8533 9216 9217 9220 9221 9232 9233 9236 9237 9280 9281 9284 9285 9296 9297 9300 9301 9472 9473 9476 9477 9488 9489 9492 9493 9536 9537 9540 9541 9552 9553 9556 9557 12288 12289 12292 12293 12304 12305 12308 12309 12352 12353 12356 12357 12368 12369 12372 12373 12544 12545 12548 12549 12560 12561 12564 12565 12608 12609 12612 12613 12624 12625 12628 12629 13312 13313 13316 13317 
8194 8195 8198 8199 8210 8211 8214 8215 8258 8259 8262 8263 8274 8275 8278 8279 8450 8451 8454 8455 8466 8467 8470 8471 8514 8515 8518 8519 8530 8531 8534 8535 9218 9219 9222 9223 9234 9235 9238 9239 9282 9283 9286 9287 9298 9299 9302 9303 9474 9475 9478 9479 9490 9491 9494 9495 9538 9539 9542 9543 9554 9555 9558 9559 12290 12291 12294 12295 12306 12307 12310 12311 12354 12355 12358 12359 12370 12371 12374 12375 12546 12547 12550 12551 12562 12563 12566 12567 12610 12611 12614 12615 12626 12627 12630 12631 13314 13315 13318 13319 
8200 8201 8204 8205 8216 8217 8220 8221 8264 8265 8268 8269 8280 8281 8284 8285 8456 8457 8460 8461 8472 8473 8476 8477 8520 8521 8524 8525 8536 8537 8540 8541 9224 9225 9228 9229 9240 9241 9244 9245 9288 9289 9292 9293 9304 9305 9308 9309 9480 9481 9484 9485 9496 9497 9500 9501 9544 9545 9548 9549 9560 9561 9564 9565 12296 12297 12300 12301 12312 12313 12316 12317 12360 12361 12364 12365 12376 12377 12380 12381 12552 12553 12556 12557 12568 12569 12572 12573 12616 12617 12620 12621 12632 12633 12636 12637 13320 13321 13324 13325 
8202 8203 8206 8207 8218 8219 8222 8223 8266 8267 8270 8271 8282 8283 8286 8287 8458 8459 8462 8463 8474 8475 8478 8479 8522 8523 8526 8527 8538 8539 8542 8543 9226 9227 9230 9231 9242 9243 9246 9247 9290 9291 9294 9295 9306 9307 9310 9311 9482 9483 9486 9487 9498 9499 9502 9503 9546 9547 9550 9551 9562 9563 9566 9567 12298 12299 12302 12303 12314 12315 12318 12319 12362 12363 12366 12367 12378 12379 12382 12383 12554 12555 12558 12559 12570 12571 12574 12575 12618 12619 12622 12623 12634 12635 12638 12639 13322 13323 13326 13327 
8224 8225 8228 8229 8240 8241 8244 8245 8288 8289 8292 8293 8304 8305 8308 8309 8480 8481 8484 8485 8496 8497 8500 8501 8544 8545 8548 8549 8560 8561 8564 8565 9248 9249 9252 9253 9264 9265 9268 9269 9312 9313 9316 9317 9328 9329 9332 9333 9504 9505 9508 9509 9520 9521 9524 9525 9568 9569 9572 9573 9584 9585 9588 9589 12320 12321 12324 12325 12336 12337 12340 12341 12384 12385 12388 12389 12400 12401 12404 12405 12576 12577 12580 12581 12592 12593 12596 12597 12640 12641 12644 12645 12656 12657 12660 12661 13344 13345 13348 13349 
8226 8227 8230 8231 8242 8243 8246 8247 8290 8291 8294 8295 8306 8307 8310 8311 8482 8483 8486 8487 8498 8499 8502 8503 8546 8547 8550 8551 8562 8563 8566 8567 9250 9251 9254 9255 9266 9267 9270 9271 9314 9315 9318 9319 9330 9331 9334 9335 9506 9507 9510 9511 9522 9523 9526 9527 9570 9571 9574 9575 9586 9587 9590 9591 12322 12323 12326 12327 12338 12339 12342 12343 12386 12387 12390 12391 12402 12403 12406 12407 12578 12579 12582 12583 12594 12595 12598 12599 12642 12643 12646 12647 12658 12659 12662 12663 13346 13347 13350 13351 
8232 8233 8236 8237 8248 8249 8252 8253 8296 8297 8300 8301 8312 8313 8316 8317 8488 8489 8492 8493 8504 8505 8508 8509 8552 8553 8556 8557 8568 8569 8572 8573 9256 9257 9260 9261 9272 9273 9276 9277 9320 9321 9324 9325 9336 9337 9340 9341 9512 9513 9516 9517 9528 9529 9532 9533 9576 9577 9580 9581 9592 9593 9596 9597 12328 12329 12332 12333 12344 12345 12348 12349 12392 12393 12396 12397 12408 12409 12412 12413 12584 12585 12588 12589 12600 12601 12604 12605 12648 12649 12652 12653 12664 12665 12668 12669 13352 13353 13356 13357 
8234 8235 8238 8239 8250 8251 8254 8255 8298 8299 8302 8303 8314 8315 8318 8319 8490 8491 8494 8495 8506 8507 8510 8511 8554 8555 8558 8559 8570 8571 8574 8575 9258 9259 9262 9263 9274 9275 9278 9279 9322 9323 9326 9327 9338 9339 9342 9343 9514 9515 9518 9519 9530 9531 9534 9535 9578 9579 9582 9583 9594 9595 9598 9599 12330 12331 12334 12335 12346 12347 12350 12351 12394 12395 12398 12399 12410 12411 12414 12415 12586 12587 12590 12591 12602 12603 12606 12607 12650 12651 12654 12655 12666 12667 12670 12671 13354 13355 13358 13359 
8320 8321 8324 8325 8336 8337 8340 8341 8384 8385 8388 8389 8400 8401 8404 8405 8576 8577 8580 8581 8592 8593 8596 8597 8640 8641 8644 8645 8656 8657 8660 8661 9344 9345 9348 9349 9360 9361 9364 9365 9408 9409 9412 9413 9424 9425 9428 9429 9600 9601 9604 9605 9616 9617 9620 9621 9664 9665 9668 9669 9680 9681 9684 9685 12416 12417 12420 12421 12432 12433 12436 12437 12480 12481 12484 12485 12496 12497 12500 12501 12672 12673 12676 12677 12688 12689 12692 12693 12736 12737 12740 12741 12752 12753 12756 12757 13440 13441 13444 13445 
8322 8323 8326 8327 8338 8339 8342 8343 8386 8387 8390 8391 8402 8403 8406 8407 8578 8579 8582 8583 8594 8595 8598 8599 8642 8643 8646 8647 8658 8659 8662 8663 9346 9347 9350 9351 9362 9363 9366 9367 9410 9411 9414 9415 9426 9427 9430 9431 9602 9603 9606 9607 9618 9619 9622 9623 9666 9667 9670 9671 9682 9683 9686 9687 12418 12419 12422 12423 12434 12435 12438 12439 12482 12483 12486 12487 12498 12499 12502 12503 12674 12675 12678 12679 12690 12691 12694 12695 12738 12739 12742 12743 12754 12755 12758 12759 13442 13443 13446 13447 
8328 8329 8332 8333 8344 8345 8348 8349 8392 8393 8396 8397 8408 8409 8412 8413 8584 8585 8588 8589 8600 8601 8604 8605 8648 8649 8652 8653 8664 8665 8668 8669 9352 9353 9356 9357 9368 9369 9372 9373 9416 9417 9420 9421 9432 9433 9436 9437 9608 9609 9612 9613 9624 9625 9628 9629 9672 9673 9676 9677 9688 9689 9692 9693 12424 12425 12428 12429 12440 12441 12444 12445 12488 12489 12492 12493 12504 12505 12508 12509 12680 12681 12684 12685 12696 12697 12700 12701 12744 12745 12748 12749 12760 12761 12764 12765 13448 13449 13452 13453 
8330 8331 8334 8335 8346 8347 8350 8351 8394 8395 8398 8399 8410 8411 8414 8415 8586 8587 8590 8591 8602 8603 8606 8607 8650 8651 8654 8655 8666 8667 8670 8671 9354 9355 9358 9359 9370 9371 9374 9375 9418 9419 9422 9423 9434 9435 9438 9439 9610 9611 9614 9615 9626 9627 9630 9631 9674 9675 9678 9679 9690 9691 9694 9695 12426 12427 12430 12431 12442 12443 12446 12447 12490 12491 12494 12495 12506 12507 12510 12511 12682 12683 12686 12687 12698 12699 12702 12703 12746 12747 12750 12751 12762 12763 12766 12767 13450 13451 13454 13455 
8352 8353 8356 8357 8368 8369 8372 8373 8416 8417 8420 8421 8432 8433 8436 8437 8608 8609 8612 8613 8624 8625 8628 8629 8672 8673 8676 8677 8688 8689 8692 8693 9376 9377 9380 9381 9392 9393 9396 9397 9440 9441 9444 9445 9456 9457 9460 9461 9632 9633 9636 9637 9648 9649 9652 9653 9696 9697 9700 9701 9712 9713 9716 9717 12448 12449 12452 12453 12464 12465 12468 12469 12512 12513 12516 12517 12528 12529 12532 12533 12704 12705 12708 12709 12720 12721 12724 12725 12768 12769 12772 12773 12784 12785 12788 12789 13472 13473 13476 13477 
8354 8355 8358 8359 8370 8371 8374 8375 8418 8419 8422 8423 8434 8435 8438 8439 8610 8611 8614 8615 8626 8627 8630 8631 8674 8675 8678 8679 8690 8691 8694 8695 9378 9379 9382 9383 9394 9395 9398 9399 9442 9443 9446 9447 9458 9459 9462 9463 9634 9635 9638 9639 9650 9651 9654 9655 9698 9699 9702 9703 9714 9715 9718 9719 12450 12451 12454 12455 12466 12467 12470 12471 12514 12515 12518 12519 12530 12531 12534 12535 12706 12707 12710 12711 12722 12723 12726 12727 12770 12771 12774 12775 12786 12787 12790 12791 13474 13475 13478 13479 
8360 8361 8364 8365 8376 8377 8380 8381 8424 8425 8428 8429 8440 8441 8444 8445 8616 8617 8620 8621 8632 8633 8636 8637 8680 8681 8684 8685 8696 8697 8700 8701 9384 9385 9388 9389 9400 9401 9404 9405 9448 9449 9452 9453 9464 9465 9468 9469 9640 9641 9644 9645 9656 9657 9660 9661 9704 9705 9708 9709 9720 9721 9724 9725 12456 12457 12460 12461 12472 12473 12476 12477 12520 12521 12524 12525 12536 12537 12540 12541 12712 12713 12716 12717 12728 12729 12732 12733 12776 12777 12780 12781 12792 12793 12796 12797 13480 13481 13484 13485 
8362 8363 8366 8367 8378 8379 8382 8383 8426 8427 8430 8431 8442 8443 8446 8447 8618 8619 8622 8623 8634 8635 8638 8639 8682 8683 8686 8687 8698 8699 8702 8703 9386 9387 9390 9391 9402 9403 9406 9407 9450 9451 9454 9455 9466 9467 9470 9471 9642 9643 9646 9647 9658 9659 9662 9663 9706 9707 9710 9711 9722 9723 9726 9727 12458 12459 12462 12463 12474 12475 12478 12479 12522 12523 12526 12527 12538 12539 12542 12543 12714 12715 12718 12719 12730 12731 12734 12735 12778 12779 12782 12783 12794 12795 12798 12799 13482 13483 13486 13487 
8704 8705 8708 8709 8720 8721 8724 8725 8768 8769 8772 8773 8784 8785 8788 8789 8960 8961 8964 8965 8976 8977 8980 8981 9024 9025 9028 9029 9040 9041 9044 9045 9728 9729 9732 9733 9744 9745 9748 9749 9792 9793 9796 9797 9808 9809 9812 9813 9984 9985 9988 9989 10000 10001 10004 10005 10048 10049 10052 10053 10064 10065 10068 10069 12800 12801 12804 12805 12816 12817 12820 12821 12864 12865 12868 12869 12880 12881 12884 12885 13056 13057 13060 13061 13072 13073 13076 13077 13120 13121 13124 13125 13136 13137 13140 13141 13824 13825 13828 13829 
8706 8707 8710 8711 8722 8723 8726 8727 8770 8771 8774 8775 8786 8787 8790 8791 8962 8963 8966 8967 8978 8979 8982 8983 9026 9027 9030 9031 9042 9043 9046 9047 9730 9731 9734 9735 9746 9747 9750 9751 9794 9795 9798 9799 9810 9811 9814 9815 9986 9987 9990 9991 10002 10003 10006 10007 10050 10051 10054 10055 10066 10067 10070 10071 12802 12803 12806 12807 12818 12819 12822 12823 12866 12867 12870 12871 12882 12883 12886 12887 13058 13059 13062 13063 13074 13075 13078 13079 13122 13123 13126 13127 13138 13139 13142 13143 13826 13827 13830 13831 
8712 8713 8716 8717 8728 8729 8732 8733 8776 8777 8780 8781 8792 8793 8796 8797 8968 8969 8972 8973 8984 8985 8988 8989 9032 9033 9036 9037 9048 9049 9052 9053 9736 9737 9740 9741 9752 9753 9756 9757 9800 9801 9804 9805 9816 9817 9820 9821 9992 9993 9996 9997 10008 10009 10012 10013 10056 10057 10060 10061 10072 10073 10076 10077 12808 12809 12812 12813 12824 12825 12828 12829 12872 12873 12876 12877 12888 12889 12892 12893 13064 13065 13068 13069 13080 13081 13084 13085 13128 13129 13132 13133 13144 13145 13148 13149 13832 13833 13836 13837 
8714 8715 8718 8719 8730 8731 8734 8735 8778 8779 8782 8783 8794 8795 8798 8799 8970 8971 8974 8975 8986 8987 8990 8991 9034 9035 9038 9039 9050 9051 9054 9055 9738 9739 9742 9743 9754 9755 9758 9759 9802 9803 9806 9807 9818 9819 9822 9823 9994 9995 9998 9999 10010 10011 10014 10015 10058 10059 10062 10063 10074 10075 10078 10079 12810 12811 12814 12815 12826 12827 12830 12831 12874 12875 12878 12879 12890 12891 12894 12895 13066 13067 13070 13071 13082 13083 13086 13087 13130 13131 13134 13135 13146 13147 13150 13151 13834 13835 13838 13839 
8736 8737 8740 8741 8752 8753 8756 8757 8800 8801 8804 8805 8816 8817 8820 8821 8992 8993 8996 8997 9008 9009 9012 9013 9056 9057 9060 9061 9072 9073 9076 9077 9760 9761 9764 9765 9776 9777 9780 9781 9824 9825 9828 9829 9840 9841 9844 9845 10016 10017 10020 10021 10032 10033 10036 10037 10080 10081 10084 10085 10096 10097 10100 10101 12832 12833 12836 12837 12848 12849 12852 12853 12896 12897 12900 12901 12912 12913 12916 12917 13088 13089 13092 13093 13104 13105 13108 13109 13152 13153 13156 13157 13168 13169 13172 13173 13856 13857 13860 13861 
8738 8739 8742 8743 8754 8755 8758 8759 8802 8803 8806 8807 8818 8819 8822 8823 8994 8995 8998 8999 9010 9011 9014 9015 9058 9059 9062 9063 9074 9075 9078 9079 9762 9763 9766 9767 9778 9779 9782 9783 9826 9827 9830 9831 9842 9843 9846 9847 10018 10019 10022 10023 10034 10035 10038 10039 10082 10083 10086 10087 10098 10099 10102 10103 12834 12835 12838 12839 12850 12851 12854 12855 12898 12899 12902 12903 12914 12915 12918 12919 13090 13091 13094 13095 13106 13107 13110 13111 13154 13155 13158 13159 13170 13171 13174 13175 13858 13859 13862 13863 
8744 8745 8748 8749 8760 8761 8764 8765 8808 8809 8812 8813 8824 8825 8828 8829 9000 9001 9004 9005 9016 9017 9020 9021 9064 9065 9068 9069 9080 9081 9084 9085 9768 9769 9772 9773 9784 9785 9788 9789 9832 9833 9836 9837 9848 9849 9852 9853 10024 10025 10028 10029 10040 10041 10044 10045 10088 10089 10092 10093 10104 10105 10108 10109 12840 12841 12844 12845 12856 12857 12860 12861 12904 12905 12908 12909 12920 12921 12924 12925 13096 13097 13100 13101 13112 13113 13116 13117 13160 13161 13164 13165 13176 13177 13180 13181 13864 13865 13868 13869 
8746 8747 8750 8751 8762 8763 8766 8767 8810 8811 8814 8815 8826 8827 8830 8831 9002 9003 9006 9007 9018 9019 9022 9023 9066 9067 9070 9071 9082 9083 9086 9087 9770 9771 9774 9775 9786 9787 9790 9791 9834 9835 9838 9839 9850 9851 9854 9855 10026 10027 10030 10031 10042 10043 10046 10047 10090 10091 10094 10095 10106 10107 10110 10111 12842 12843 12846 12847 12858 12859 12862 12863 12906 12907 12910 12911 12922 12923 12926 12927 13098 13099 13102 13103 13114 13115 13118 13119 13162 13163 13166 13167 13178 13179 13182 13183 13866 13867 13870 13871 
8832 8833 8836 8837 8848 8849 8852 8853 8896 8897 8900 8901 8912 8913 8916 8917 9088 9089 9092 9093 9104 9105 9108 9109 9152 9153 9156 9157 9168 9169 9172 9173 9856 9857 9860 9861 9872 9873 9876 9877 9920 9921 9924 9925 9936 9937 9940 9941 10112 10113 10116 10117 10128 10129 10132 10133 10176 10177 10180 10181 10192 10193 10196 10197 12928 12929 12932 12933 12944 12945 12948 12949 12992 12993 12996 12997 13008 13009 13012 13013 13184 13185 13188 13189 13200 13201 13204 13205 13248 13249 13252 13253 13264 13265 13268 13269 13952 13953 13956 13957 
8834 8835 8838 8839 8850 8851 8854 8855 8898 8899 8902 8903 8914 8915 8918 8919 9090 9091 9094 9095 9106 9107 9110 9111 9154 9155 9158 9159 9170 9171 9174 9175 9858 9859 9862 9863 9874 9875 9878 9879 9922 9923 9926 9927 9938 9939 9942 9943 10114 10115 10118 10119 10130 10131 10134 10135 10178 10179 10182 10183 10194 10195 10198 10199 12930 12931 12934 12935 12946 12947 12950 12951 12994 12995 12998 12999 13010 13011 13014 13015 13186 13187 13190 13191 13202 13203 13206 13207 13250 13251 13254 13255 13266 13267 13270 13271 13954 13955 13958 13959 
8840 8841 8844 8845 8856 8857 8860 8861 8904 8905 8908 8909 8920 8921 8924 8925 9096 9097 9100 9101 9112 9113 9116 9117 9160 9161 9164 9165 9176 9177 9180 9181 9864 9865 9868 9869 9880 9881 9884 9885 9928 9929 9932 9933 9944 9945 9948 9949 10120 10121 10124 10125 10136 10137 10140 10141 10184 10185 10188 10189 10200 10201 10204 10205 12936 12937 12940 12941 12952 12953 12956 12957 13000 13001 13004 13005 13016 13017 13020 13021 13192 13193 13196 13197 13208 13209 13212 13213 13256 13257 13260 13261 13272 13273 13276 13277 13960 13961 13964 13965 
8842 8843 8846 8847 8858 8859 8862 8863 8906 8907 8910 8911 8922 8923 8926 8927 9098 9099 9102 9103 9114 9115 9118 9119 9162 9163 9166 9167 9178 9179 9182 9183 9866 9867 9870 9871 9882 9883 9886 9887 9930 9931 9934 9935 9946 9947 9950 9951 10122 10123 10126 10127 10138 10139 10142 10143 10186 10187 10190 10191 10202 10203 10206 10207 12938 12939 12942 12943 12954 12955 12958 12959 13002 13003 13006 13007 13018 13019 13022 13023 13194 13195 13198 13199 13210 13211 13214 13215 13258 13259 13262 13263 13274 13275 13278 13279 13962 13963 13966 13967 
8864 8865 8868 8869 8880 8881 8884 8885 8928 8929 8932 8933 8944 8945 8948 8949 9120 9121 9124 9125 9136 9137 9140 9141 9184 9185 9188 9189 9200 9201 9204 9205 9888 9889 9892 9893 9904 9905 9908 9909 9952 9953 9956 9957 9968 9969 9972 9973 10144 10145 10148 10149 10160 10161 10164 10165 10208 10209 10212 10213 10224 10225 10228 10229 12960 12961 12964 12965 12976 12977 12980 12981 13024 13025 13028 13029 13040 13041 13044 13045 13216 13217 13220 13221 13232 13233 13236 13237 13280 13281 13284 13285 13296 13297 13300 13301 13984 13985 13988 13989 
8866 8867 8870 8871 8882 8883 8886 8887 8930 8931 8934 8935 8946 8947 8950 8951 9122 9123 9126 9127 9138 9139 9142 9143 9186 9187 9190 9191 9202 9203 9206 9207 9890 9891 9894 9895 9906 9907 9910 9911 9954 9955 9958 9959 9970 9971 9974 9975 10146 10147 10150 10151 10162 10163 10166 10167 10210 10211 10214 10215 10226 10227 10230 10231 12962 12963 12966 12967 12978 12979 12982 12983 13026 13027 13030 13031 13042 13043 13046 13047 13218 13219 13222 13223 13234 13235 13238 13239 13282 13283 13286 13287 13298 13299 13302 13303 13986 13987 13990 13991 
8872 8873 8876 8877 8888 8889 8892 8893 8936 8937 8940 8941 8952 8953 8956 8957 9128 9129 9132 9133 9144 9145 9148 9149 9192 9193 9196 9197 9208 9209 9212 9213 9896 9897 9900 9901 9912 9913 9916 9917 9960 9961 9964 9965 9976 9977 9980 9981 10152 10153 10156 10157 10168 10169 10172 10173 10216 10217 10220 10221 10232 10233 10236 10237 12968 12969 12972 12973 12984 12985 12988 12989 13032 13033 13036 13037 13048 13049 13052 13053 13224 13225 13228 13229 13240 13241 13244 13245 13288 13289 13292 13293 13304 13305 13308 13309 13992 13993 13996 13997 
8874 8875 8878 8879 8890 8891 8894 8895 8938 8939 8942 8943 8954 8955 8958 8959 9130 9131 9134 9135 9146 9147 9150 9151 9194 9195 9198 9199 9210 9211 9214 9215 9898 9899 9902 9903 9914 9915 9918 9919 9962 9963 9966 9967 9978 9979 9982 9983 10154 10155 10158 10159 10170 10171 10174 10175 10218 10219 10222 10223 10234 10235 10238 10239 12970 12971 12974 12975 12986 12987 12990 12991 13034 13035 13038 13039 13050 13051 13054 13055 13226 13227 13230 13231 13242 13243 13246 13247 13290 13291 13294 13295 13306 13307 13310 13311 13994 13995 13998 13999 
10240 10241 10244 10245 10256 10257 10260 10261 10304 10305 10308 10309 10320 10321 10324 10325 10496 10497 10500 10501 10512 10513 10516 10517 10560 10561 10564 10565 10576 10577 10580 10581 11264 11265 11268 11269 11280 11281 11284 11285 11328 11329 11332 11333 11344 11345 11348 11349 11520 11521 11524 11525 11536 11537 11540 11541 11584 11585 11588 11589 11600 11601 11604 11605 14336 14337 14340 14341 14352 14353 14356 14357 14400 14401 14404 14405 14416 14417 14420 14421 14592 14593 14596 14597 14608 14609 14612 14613 14656 14657 14660 14661 14672 14673 14676 14677 15360 15361 15364 15365 
10242 10243 10246 10247 10258 10259 10262 10263 10306 10307 10310 10311 10322 10323 10326 10327 10498 10499 10502 10503 10514 10515 10518 10519 10562 10563 10566 10567 10578 10579 10582 10583 11266 11267 11270 11271 11282 11283 11286 11287 11330 11331 11334 11335 11346 11347 11350 11351 11522 11523 11526 11527 11538 11539 11542 11543 11586 11587 11590 11591 11602 11603 11606 11607 14338 14339 14342 14343 14354 14355 14358 14359 14402 14403 14406 14407 14418 14419 14422 14423 14594 14595 14598 14599 14610 14611 14614 14615 14658 14659 14662 14663 14674 14675 14678 14679 15362 15363 15366 15367 
10248 10249 10252 10253 10264 10265 10268 10269 10312 10313 10316 10317 10328 10329 10332 10333 10504 10505 10508 10509 10520 10521 10524 10525 10568 10569 10572 10573 10584 10585 10588 10589 11272 11273 11276 11277 11288 11289 11292 11293 11336 11337 11340 11341 11352 11353 11356 11357 11528 11529 11532 11533 11544 11545 11548 11549 11592 11593 11596 11597 11608 11609 11612 11613 14344 14345 14348 14349 14360 14361 14364 14365 14408 14409 14412 14413 14424 14425 14428 14429 14600 14601 14604 14605 14616 14617 14620 14621 14664 14665 14668 14669 14680 14681 14684 14685 15368 15369 15372 15373 
10250 10251 10254 10255 10266 10267 10270 10271 10314 10315 10318 10319 10330 10331 10334 10335 10506 10507 10510 10511 10522 10523 10526 10527 10570 10571 10574 10575 10586 10587 10590 10591 11274 11275 11278 11279 11290 11291 11294 11295 11338 11339 11342 11343 11354 11355 11358 11359 11530 11531 11534 11535 11546 11547 11550 11551 11594 11595 11598 11599 11610 11611 11614 11615 14346 14347 14350 14351 14362 14363 14366 14367 14410 14411 14414 14415 14426 14427 14430 14431 14602 14603 14606 14607 14618 14619 14622 14623 14666 14667 14670 14671 14682 14683 14686 14687 15370 15371 15374 15375 
