0 1 4 5 16 17 20 21 64 65 68 69 80 81 84 85 256 257 260 261 272 273 276 277 320 321 324 325 336 337 340 341 1024 1025 1028 1029 1040 1041 1044 1045 1088 1089 1092 1093 1104 1105 1108 1109 1280 1281 1284 
2 3 6 7 18 19 22 23 66 67 70 71 82 83 86 87 258 259 262 263 274 275 278 279 322 323 326 327 338 339 342 343 1026 1027 1030 1031 1042 1043 1046 1047 1090 1091 1094 1095 1106 1107 1110 1111 1282 1283 1286 
8 9 12 13 24 25 28 29 72 73 76 77 88 89 92 93 264 265 268 269 280 281 284 285 328 329 332 333 344 345 348 349 1032 1033 1036 1037 1048 1049 1052 1053 1096 1097 1100 1101 1112 1113 1116 1117 1288 1289 1292 
10 11 14 15 26 27 30 31 74 75 78 79 90 91 94 95 266 267 270 271 282 283 286 287 330 331 334 335 346 347 350 351 1034 1035 1038 1039 1050 1051 1054 1055 1098 1099 1102 1103 1114 1115 1118 1119 1290 1291 1294 
32 33 36 37 48 49 52 53 96 97 100 101 112 113 116 117 288 289 292 293 304 305 308 309 352 353 356 357 368 369 372 373 1056 1057 1060 1061 1072 1073 1076 1077 1120 1121 1124 1125 1136 1137 1140 1141 1312 1313 1316 
34 35 38 39 50 51 54 55 98 99 102 103 114 115 118 119 290 291 294 295 306 307 310 311 354 355 358 359 370 371 374 375 1058 1059 1062 1063 1074 1075 1078 1079 1122 1123 1126 1127 1138 1139 1142 1143 1314 1315 1318 
40 41 44 45 56 57 60 61 104 105 108 109 120 121 124 125 296 297 300 301 312 313 316 317 360 361 364 365 376 377 380 381 1064 1065 1068 1069 1080 1081 1084 1085 1128 1129 1132 1133 1144 1145 1148 1149 1320 1321 1324 
42 43 46 47 58 59 62 63 106 107 110 111 122 123 126 127 298 299 302 303 314 315 318 319 362 363 366 367 378 379 382 383 1066 1067 1070 1071 1082 1083 1086 1087 1130 1131 1134 1135 1146 1147 1150 1151 1322 1323 1326 
128 129 132 133 144 145 148 149 192 193 196 197 208 209 212 213 384 385 388 389 400 401 404 405 448 449 452 453 464 465 468 469 1152 1153 1156 1157 1168 1169 1172 1173 1216 1217 1220 1221 1232 1233 1236 1237 1408 1409 1412 
130 131 134 135 146 147 150 151 194 195 198 199 210 211 214 215 386 387 390 391 402 403 406 407 450 451 454 455 466 467 470 471 1154 1155 1158 1159 1170 1171 1174 1175 1218 1219 1222 1223 1234 1235 1238 1239 1410 1411 1414 
136 137 140 141 152 153 156 157 200 201 204 205 216 217 220 221 392 393 396 397 408 409 412 413 456 457 460 461 472 473 476 477 1160 1161 1164 1165 1176 1177 1180 1181 1224 1225 1228 1229 1240 1241 1244 1245 1416 1417 1420 
138 139 142 143 154 155 158 159 202 203 206 207 218 219 222 223 394 395 398 399 410 411 414 415 458 459 462 463 474 475 478 479 1162 1163 1166 1167 1178 1179 1182 1183 1226 1227 1230 1231 1242 1243 1246 1247 1418 1419 1422 
160 161 164 165 176 177 180 181 224 225 228 229 240 241 244 245 416 417 420 421 432 433 436 437 480 481 484 485 496 497 500 501 1184 1185 1188 1189 1200 1201 1204 1205 1248 1249 1252 1253 1264 1265 1268 1269 1440 1441 1444 
162 163 166 167 178 179 182 183 226 227 230 231 242 243 246 247 418 419 422 423 434 435 438 439 482 483 486 487 498 499 502 503 1186 1187 1190 1191 1202 1203 1206 1207 1250 1251 1254 1255 1266 1267 1270 1271 1442 1443 1446 
168 169 172 173 184 185 188 189 232 233 236 237 248 249 252 253 424 425 428 429 440 441 444 445 488 489 492 493 504 505 508 509 1192 1193 1196 1197 1208 1209 1212 1213 1256 1257 1260 1261 1272 1273 1276 1277 1448 1449 1452 
170 171 174 175 186 187 190 191 234 235 238 239 250 251 254 255 426 427 430 431 442 443 446 447 490 491 494 495 506 507 510 511 1194 1195 1198 1199 1210 1211 1214 1215 1258 1259 1262 1263 1274 1275 1278 1279 1450 1451 1454 
512 513 516 517 528 529 532 533 576 577 580 581 592 593 596 597 768 769 772 773 784 785 788 789 832 833 836 837 848 849 852 853 1536 1537 1540 1541 1552 1553 1556 1557 1600 1601 1604 1605 1616 1617 1620 1621 1792 1793 1796 
514 515 518 519 530 531 534 535 578 579 582 583 594 595 598 599 770 771 774 775 786 787 790 791 834 835 838 839 850 851 854 855 1538 1539 1542 1543 1554 1555 1558 1559 1602 1603 1606 1607 1618 1619 1622 1623 1794 1795 1798 
520 521 524 525 536 537 540 541 584 585 588 589 600 601 604 605 776 777 780 781 792 793 796 797 840 841 844 845 856 857 860 861 1544 1545 1548 1549 1560 1561 1564 1565 1608 1609 1612 1613 1624 1625 1628 1629 1800 1801 1804 
522 523 526 527 538 539 542 543 586 587 590 591 602 603 606 607 778 779 782 783 794 795 798 799 842 843 846 847 858 859 862 863 1546 1547 1550 1551 1562 1563 1566 1567 1610 1611 1614 1615 1626 1627 1630 1631 1802 1803 1806 
544 545 548 549 560 561 564 565 608 609 612 613 624 625 628 629 800 801 804 805 816 817 820 821 864 865 868 869 880 881 884 885 1568 1569 1572 1573 1584 1585 1588 1589 1632 1633 1636 1637 1648 1649 1652 1653 1824 1825 1828 
546 547 550 551 562 563 566 567 610 611 614 615 626 627 630 631 802 803 806 807 818 819 822 823 866 867 870 871 882 883 886 887 1570 1571 1574 1575 1586 1587 1590 1591 1634 1635 1638 1639 1650 1651 1654 1655 1826 1827 1830 
552 553 556 557 568 569 572 573 616 617 620 621 632 633 636 637 808 809 812 813 824 825 828 829 872 873 876 877 888 889 892 893 1576 1577 1580 1581 1592 1593 1596 1597 1640 1641 1644 1645 1656 1657 1660 1661 1832 1833 1836 
554 555 558 559 570 571 574 575 618 619 622 623 634 635 638 639 810 811 814 815 826 827 830 831 874 875 878 879 890 891 894 895 1578 1579 1582 1583 1594 1595 1598 1599 1642 1643 1646 1647 1658 1659 1662 1663 1834 1835 1838 
640 641 644 645 656 657 660 661 704 705 708 709 720 721 724 725 896 897 900 901 912 913 916 917 960 961 964 965 976 977 980 981 1664 1665 1668 1669 1680 1681 1684 1685 1728 1729 1732 1733 1744 1745 1748 1749 1920 1921 1924 
642 643 646 647 658 659 662 663 706 707 710 711 722 723 726 727 898 899 902 903 914 915 918 919 962 963 966 967 978 979 982 983 1666 1667 1670 1671 1682 1683 1686 1687 1730 1731 1734 1735 1746 1747 1750 1751 1922 1923 1926 
648 649 652 653 664 665 668 669 712 713 716 717 728 729 732 733 904 905 908 909 920 921 924 925 968 969 972 973 984 985 988 989 1672 1673 1676 1677 1688 1689 1692 1693 1736 1737 1740 1741 1752 1753 1756 1757 1928 1929 1932 
650 651 654 655 666 667 670 671 714 715 718 719 730 731 734 735 906 907 910 911 922 923 926 927 970 971 974 975 986 987 990 991 1674 1675 1678 1679 1690 1691 1694 1695 1738 1739 1742 1743 1754 1755 1758 1759 1930 1931 1934 
672 673 676 677 688 689 692 693 736 737 740 741 752 753 756 757 928 929 932 933 944 945 948 949 992 993 996 997 1008 1009 1012 1013 1696 1697 1700 1701 1712 1713 1716 1717 1760 1761 1764 1765 1776 1777 1780 1781 1952 1953 1956 
674 675 678 679 690 691 694 695 738 739 742 743 754 755 758 759 930 931 934 935 946 947 950 951 994 995 998 999 1010 1011 1014 1015 1698 1699 1702 1703 1714 1715 1718 1719 1762 1763 1766 1767 1778 1779 1782 1783 1954 1955 1958 
680 681 684 685 696 697 700 701 744 745 748 749 760 761 764 765 936 937 940 941 952 953 956 957 1000 1001 1004 1005 1016 1017 1020 1021 1704 1705 1708 1709 1720 1721 1724 1725 1768 1769 1772 1773 1784 1785 1788 1789 1960 1961 1964 
682 683 686 687 698 699 702 703 746 747 750 751 762 763 766 767 938 939 942 943 954 955 958 959 1002 1003 1006 1007 1018 1019 1022 1023 1706 1707 1710 1711 1722 1723 1726 1727 1770 1771 1774 1775 1786 1787 1790 1791 1962 1963 1966 
2048 2049 2052 2053 2064 2065 2068 2069 2112 2113 2116 2117 2128 2129 2132 2133 2304 2305 2308 2309 2320 2321 2324 2325 2368 2369 2372 2373 2384 2385 2388 2389 3072 3073 3076 3077 3088 3089 3092 3093 3136 3137 3140 3141 3152 3153 3156 3157 3328 3329 3332 
2050 2051 2054 2055 2066 2067 2070 2071 2114 2115 2118 2119 2130 2131 2134 2135 2306 2307 2310 2311 2322 2323 2326 2327 2370 2371 2374 2375 2386 2387 2390 2391 3074 3075 3078 3079 3090 3091 3094 3095 3138 3139 3142 3143 3154 3155 3158 3159 3330 3331 3334 
2056 2057 2060 2061 2072 2073 2076 2077 2120 2121 2124 2125 2136 2137 2140 2141 2312 2313 2316 2317 2328 2329 2332 2333 2376 2377 2380 2381 2392 2393 2396 2397 3080 3081 3084 3085 3096 3097 3100 3101 3144 3145 3148 3149 3160 3161 3164 3165 3336 3337 3340 
2058 2059 2062 2063 2074 2075 2078 2079 2122 2123 2126 2127 2138 2139 2142 2143 2314 2315 2318 2319 2330 2331 2334 2335 2378 2379 2382 2383 2394 2395 2398 2399 3082 3083 3086 3087 3098 3099 3102 3103 3146 3147 3150 3151 3162 3163 3166 3167 3338 3339 3342 
2080 2081 2084 2085 2096 2097 2100 2101 2144 2145 2148 2149 2160 2161 2164 2165 2336 2337 2340 2341 2352 2353 2356 2357 2400 2401 2404 2405 2416 2417 2420 2421 3104 3105 3108 3109 3120 3121 3124 3125 3168 3169 3172 3173 3184 3185 3188 3189 3360 3361 3364 
2082 2083 2086 2087 2098 2099 2102 2103 2146 2147 2150 2151 2162 2163 2166 2167 2338 2339 2342 2343 2354 2355 2358 2359 2402 2403 2406 2407 2418 2419 2422 2423 3106 3107 3110 3111 3122 3123 3126 3127 3170 3171 3174 3175 3186 3187 3190 3191 3362 3363 3366 
2088 2089 2092 2093 2104 2105 2108 2109 2152 2153 2156 2157 2168 2169 2172 2173 2344 2345 2348 2349 2360 2361 2364 2365 2408 2409 2412 2413 2424 2425 2428 2429 3112 3113 3116 3117 3128 3129 3132 3133 3176 3177 3180 3181 3192 3193 3196 3197 3368 3369 3372 
2090 2091 2094 2095 2106 2107 2110 2111 2154 2155 2158 2159 2170 2171 2174 2175 2346 2347 2350 2351 2362 2363 2366 2367 2410 2411 2414 2415 2426 2427 2430 2431 3114 3115 3118 3119 3130 3131 3134 3135 3178 3179 3182 3183 3194 3195 3198 3199 3370 3371 3374 
2176 2177 2180 2181 2192 2193 2196 2197 2240 2241 2244 2245 2256 2257 2260 2261 2432 2433 2436 2437 2448 2449 2452 2453 2496 2497 2500 2501 2512 2513 2516 2517 3200 3201 3204 3205 3216 3217 3220 3221 3264 3265 3268 3269 3280 3281 3284 3285 3456 3457 3460 
2178 2179 2182 2183 2194 2195 2198 2199 2242 2243 2246 2247 2258 2259 2262 2263 2434 2435 2438 2439 2450 2451 2454 2455 2498 2499 2502 2503 2514 2515 2518 2519 3202 3203 3206 3207 3218 3219 3222 3223 3266 3267 3270 3271 3282 3283 3286 3287 3458 3459 3462 
2184 2185 2188 2189 2200 2201 2204 2205 2248 2249 2252 2253 2264 2265 2268 2269 2440 2441 2444 2445 2456 2457 2460 2461 2504 2505 2508 2509 2520 2521 2524 2525 3208 3209 3212 3213 3224 3225 3228 3229 3272 3273 3276 3277 3288 3289 3292 3293 3464 3465 3468 
2186 2187 2190 2191 2202 2203 2206 2207 2250 2251 2254 2255 2266 2267 2270 2271 2442 2443 2446 2447 2458 2459 2462 2463 2506 2507 2510 2511 2522 2523 2526 2527 3210 3211 3214 3215 3226 3227 3230 3231 3274 3275 3278 3279 3290 3291 3294 3295 3466 3467 3470 
2208 2209 2212 2213 2224 2225 2228 2229 2272 2273 2276 2277 2288 2289 2292 2293 2464 2465 2468 2469 2480 2481 2484 2485 2528 2529 2532 2533 2544 2545 2548 2549 3232 3233 3236 3237 3248 3249 3252 3253 3296 3297 3300 3301 3312 3313 3316 3317 3488 3489 3492 
2210 2211 2214 2215 2226 2227 2230 2231 2274 2275 2278 2279 2290 2291 2294 2295 2466 2467 2470 2471 2482 2483 2486 2487 2530 2531 2534 2535 2546 2547 2550 2551 3234 3235 3238 3239 3250 3251 3254 3255 3298 3299 3302 3303 3314 3315 3318 3319 3490 3491 3494 
2216 2217 2220 2221 2232 2233 2236 2237 2280 2281 2284 2285 2296 2297 2300 2301 2472 2473 2476 2477 2488 2489 2492 2493 2536 2537 2540 2541 2552 2553 2556 2557 3240 3241 3244 3245 3256 3257 3260 3261 3304 3305 3308 3309 3320 3321 3324 3325 3496 3497 3500 
2218 2219 2222 2223 2234 2235 2238 2239 2282 2283 2286 2287 2298 2299 2302 2303 2474 2475 2478 2479 2490 2491 2494 2495 2538 2539 2542 2543 2554 2555 2558 2559 3242 3243 3246 3247 3258 3259 3262 3263 3306 3307 3310 3311 3322 3323 3326 3327 3498 3499 3502 
2560 2561 2564 2565 2576 2577 2580 2581 2624 2625 2628 2629 2640 2641 2644 2645 2816 2817 2820 2821 2832 2833 2836 2837 2880 2881 2884 2885 2896 2897 2900 2901 3584 3585 3588 3589 3600 3601 3604 3605 3648 3649 3652 3653 3664 3665 3668 3669 3840 3841 3844 
2562 2563 2566 2567 2578 2579 2582 2583 2626 2627 2630 2631 2642 2643 2646 2647 2818 2819 2822 2823 2834 2835 2838 2839 2882 2883 2886 2887 2898 2899 2902 2903 3586 3587 3590 3591 3602 3603 3606 3607 3650 3651 3654 3655 3666 3667 3670 3671 3842 3843 3846 
2568 2569 2572 2573 2584 2585 2588 2589 2632 2633 2636 2637 2648 2649 2652 2653 2824 2825 2828 2829 2840 2841 2844 2845 2888 2889 2892 2893 2904 2905 2908 2909 3592 3593 3596 3597 3608 3609 3612 3613 3656 3657 3660 3661 3672 3673 3676 3677 3848 3849 3852 
